$ANSIBLE_VAULT;1.1;AES256
31616363306263643762626233343732656535623530363263383236666531343334663434373962
3463613361346165653737393064363533316532366665640a363063313831343061306262376264
31666339356436656638373266623335623161363037656134353837343939633537386163306134
3461636164323061300a326339363261646233313533343134316439316537653639303430383866
32353234656531363330303266363235373764653230613963366462393736626134666561356338
66323034313235376262343631393765623538336563643666393466616533386664303539346566
37353861663066353631383430386165636131383737336236623532653437613230633335303965
39623961353662323031333565383563343262353634313035613233653236616561383238386363
36363233373536643235386435633766376134373730633566643264333734393634393665636633
37393334633063306661663766666562326132363638663532653233666364393537313565636134
66646537373130343030363863653763626630376163346531313766366430303165666237643430
33333162646135386635633430343063386463323364666531666137326133646339623236323732
34343836623763336638313430356132613365366339643163643964316438346439346331386666
33343738376333666337323663313130323330623038306363353762643432343038303735646437
66386361653932623835343264313037663265306233343363363334613066613061396136613566
64626531316238666630353765383861313937393665313239346364636632313934363466313636
34613866353164623565623665616463346363656432356565343031343338373966303761376164
38613064643666343031636565633137313636353135396634333432313233386235633962376364
32313139336135623237613237623866666437373638633135373134323732393461323331663162
32363261643237363332333861353861336638313334613731656533396463303833333934643835
37323765613434333166323464646663333364373362303837633035323931393963646461643531
63623662663131323437656439666161373765666338616137653139656538643833653630626239
38363339303234353836363864383039353261323830363037666532346331623130383732616263
36343735623061646364303734653533343261356333643331303733316137666334333937336462
63366434623430643064306133613736633561663537323834373534383635656537336463306532
33636264306166366463353130633539353930383035303432346462383431623832376238386265
65303666633165336238396632643831666563373664666362393831623239646538386461623030
37666162613332326464636539643432653661366234643137613761313266323631366163366531
30636337393439393733663530346662393063386266343538633735303337396634613139636361
31353031376439653037633033326566643266666463633331663061313661623837646462353138
33323535313061393835636436373030363737613838373935663432386561393737313036396330
36363461636538303038303835663630656665646331653064366262636234656166646238666535
30313439343336626535353534653931633732653139383231303361316363323632623232353236
33356132616162656431366236303733646435343364653630643361613264626566353637613465
35616662303535396662303861333634363162633138646239333964663731363061323635323463
38316331373238396430303065346230626238636635336438343038613264363464323031616337
35393834323261653433346230666364393238376363333763326465353339633937646263636166
38393837613233643766663532646435306339646463633463636462303261393133383262393534
61303932653937313634393465353531323365386338326134613534363463666639646666323761
62383035326331396139383632643137373738326434626563386531633036343931633564363338
30353664323934346439376637353532646232373539346361396236623135653564313130633263
35643461313939616462633938643965363161613366653164306137666666616162333638383838
32646338323335643363643435376164353462643133643338643934366533333232616536363335
36303034363237653933363739346535653232356538666630353436396464336332323264306234
30646165303661336238333833376563333530393632343036656261336333663637633531626332
35323233386331643036636335356337383333343061343432333530626130303337306439306464
62616562366639646662363130616265326330356333336130326564316233633431316231613839
33386530643336663739306336343337633230653462323430663437323037323131666266386531
35386234303931316433396135303235663062333861343966613261646364396165303665333239
66363263613464366562316431663766316364653530396537326534633262646366653966346664
65646234313330396139356137626239353131373265396261646434363938333164346464613862
33386131633834643737386234316165323531663434623966663136376162633765376565313465
33643663663730636434356664393863333237636166353734363361303165353931373832646364
63363032373238333864323266373639663535623931656330623231663538363363613731353965
35663630626539393934383632306366303061353638656531626165653564373633336637666463
62303962613836333164623161316561646562653261616462613061653033313065663739303638
34386363643339363764653465396364323062353333643033366538653962656565356432636338
33653135373833623136393764326263383663333539306362373738633639353434663433303338
61303165656638633732656666653365306361333837396366323530343564376362633732626138
66353739376330323139363465353939616430393131626539316361366338366438313830333432
64393036323635323165626266313833653631363430343766643038633366383932303930653431
34396139633033313134356639336363306430333039326536366262653837323738386266663831
38383861356432613463306534663064306663346333383036623261616532346338346666303036
61656138353230646366646162653735636332626438613930363032383433656566656631396334
36626137636530363631633838373861303334366233373165663564386532313931306130346138
37396363376562343562376131623166383734393532633365636636373732306532316534643563
38346565363539366234356465373935626235363363313262303930333566623966613961633263
32643463333334396538623433633732613261626363303434623832333636613731623765366437
32366366353935656664323062333432393764326337353436643835643137363530613936636433
38303964613437393865306465363933653935366334666632356666306431396665656166343366
65633636653637313837316661663239636534333239353638663962366465656638623135313336
31393639626633353439343131643234323736643937656461643166613232636633333932356131
30353865663866613332373336343337316364366532316137663838623730363662633230643131
62363463353363633461303039646534343236643466333831383835646166353432313737666536
30333539303233393638376432383661333238633938613431393061393166623532316161623837
33643161343139333638653266353438656666393264346364376636656366316564633836663666
65303437326335653862383436663934396232343162383364303136313332393934643566306236
37323630323865393239633431366233353832343937626437626336336261323630653131626131
64633833386430363031383134386664333964623264373761643164363334623130306566666436
63336261336161623864646231633732393362646265383237343830336336303564373961316438
63613366653831306139383261396131306332363632616531613637616664666463346161316430
31316333613035316431663162396431386334366135363237313338336637326231373362326133
35613364356638336138353038353538623831663733616265343866353161346139383138623733
34623437316330653534306632663533366533333664646233633866373539346335626232613664
66653735633234646333383438623263363035303930353663323563326337626634663561636435
61333232393336363735333130303830383132316630666633653331626437383665653031653263
33383062356636626137303630653337653833353361303539666131346562386534653838366635
37633234313339313434366332613766626335663338313033313133353730303633616535393365
36373365643036336532373735356266323863353539646331376263366333373930626265363339
31333262616161353036376632653630653864393864613935663064346562613063633237643066
61356263326433333431656533633465366239656163613064343261663463343265656666326430
31616330353432393265666435656461656366656561343832346634633163356439386665316538
63633338396230333566633238333461323766353165326462363764306633363933373738656437
66373036323235343264373532666566356332396566303466306465306535353938323561623134
30336533373964376235626436656464306334643336323234333562316463316362356330313263
35343934613632386334616338646462363861313231616337613530303834663536333932303338
38396530383966313265383137613637653964663865363639346136393464393363363239313432
66313532653263366161383764323163383236373635633737623262366534663536626637356433
33653538633734376666626563393832353561613739663836663336623761623564663137356562
66393766376466376230343030626133336337313838366564363931626163333061643465316131
61303135343939623362396235633035303639353030323138373632333834336264663938333633
38333466303134346365663838386136623565383439353761633835316265663062323535393631
61363631323632323763316461646637633264623431336433626563363633313334313930326439
32353862326236306438636337653434633732313631623661653832396535626433303530643035
30633133333039613561623362313636376537623932616633346437653635633264326366376433
35386637386138353130666136343765653331313038666433666636616166356237323630356633
35346130363239343132353263353762316665343238633165366365383631343338336666313730
62346231353730336132656561363165303562613134316164313063326561663833383933376339
62663838376638653939323063643438613637626235306131663765313231303966313964326666
33333233333333396635386638623836626231303863393730653238636536626531376236303534
65633137386666393932343334643936626631623836373063393337316465303666353631623834
65333863376630383339613265343232376630643064386131326163363664313537633935333238
34313035323539613734383232336165343366663465646566313164666236316538363566323261
37633338336362376233303633313861643930353438633365623830633732626433663964613435
65373938656362353539373233383432383131356436646231616239623539373430373333666533
37346666393035303133346434653134616336316235613337303539643366366264653764366361
64343063623839383634353830623938633139376465313430623535396662643231306561393436
39663532366262636462626339633665383062323933343165663161666239303864636237303931
33356235646433646461313836616163623732646265303834373633363164363038336336633462
32376530383832303630346466366236303264343565646333386533313765303139663461656631
33356235386233383330616337313864343061386535336632646332313561383030623539363636
32336333623830666332356336656134313338316336363830396337333635633163356265336337
65396437313837643239366263323165613830326365356333343865363333343939663562313937
37653365373939376164313330666633383837383965326233373961393937363564323139636366
36396362386135323661356530356337336338666135306135346639633766616562373031303638
65656565643634363531663264306235353936393763343831363931633832333633303661303134
65333565396431623635616133613562643535313966353038623864353066363532306539393737
36383630636266376139613666373633383431643930653664646238343435653762633230373662
61303936363163303661373363626639346163323466613830396365616633623735393661393933
63393536353237663139313864326662663636316537323431373131353732343366326335623562
32613965643133363265376534653730626336653564623436663864326436346536613635393030
31383037343034656231333666343364326234643631313461663630333730323730363339303539
65666137363532323839376462626561336135363138316438323363646262646531663439656436
63303965333331323862386338363764313134363464323933613732326338333364323765313132
34343339646633386662633361636566613739383338303733313839383064313737633130636362
31613661656662373938333035323438653466373132626566353739393562356638303766316536
33616230376661333736623065336234363163386463303764653030343339393132323233386131
37646463623538316466656535373932636530366432336231613938393461626439376138626161
636230306130363737356464373862396261
